0100000010101000
0000100000000000
0001100000000000
0000000000000000
0001100010001000
0010100010001000
0010000010001000
0000000000000000
0000100000000000
0001100000000000
0001100000000000
0010000000000000
0010100000000000
0011000001000000
0011110000010000
0100001110010000
0100101110010000
0101000100010000
0101100100011000
0110000100011000
0110001000100100
0000000000000110
0111001000100100
0000000000001000
0111100110000000
1000000000011000
1000100000011100
0000000000001001
1001001110100000
1001101110100000
1010000000100000
1010100000100001
1011000000101010
1011100000101011
1100010010101000
1100110100101011
