0011100000010001
0000100000000000
0000000000000100
0011100000010000
0000000000000011
0000100000000000
0000000000000101
0011100000010000
0000000000000001
0011100000010001
0000000000000001
0000001000110000
1001000000100010
0001011000010001
1111111111111100
0000001000010001
1001100000100000
1010111001010011
0000000000010000
1000111001010100
0000000000010000
0000001000010100
1010100000101010
1000111001010011
0000000000010000
0011101001010011
0000000000000001
0011101010110101
0000000000000001
0000001010100000
0000000000001000