0000000000000000
0000000000000000
0000000000000000
0000000000000000
0000000000000000
0000000000000000
0000000000000000
0000000000000000
0000000000000000
0000000000000000
0000000000000000
0000000000000000
0000000000000000
0000000000000000
0000000000000000
0000000000000000
0000000000000000
0000000000000000
0000000000000000
0000000000000000
0000000000000000
0000000000000000
0000000000000000
0000000000000000
0000000000000000
0000000000000000
0000000000000000
0000000000000000
0000000000000000
0000000000000000
0000000000000000
0000000000000000
1000100000001100
0000000000101101
0000100000000000
1011000000001010
1000100000001100
0000000001010000
0010000100010000
1001100010010000
1001000100101000
0010001010101000
0111101010000000
1000000000111000
0010001110111000
1000100000000100
0000000000000110
0100100000000000
1000100000111100
0000000000100100
1011100000111011
