0101100110100000
0100100010100000
0011001001000000
1110000001010000
1110100001001011
0000000000000000
0000000000000000
0000000000000000
0000000000000000
0000000000000000
0000000000000000
0000000000000000
0000000000000000
0000000000000000
0000000000000000
0000000000000000
0000000000000000
0000000000000000
0000000000000000
0000000000000000
0000000000000000
0000000000000000
0000000000000000
0000000000000000
0000000000000000
0000000000000000
0000000000000000
0000000000000000
0000000000000000
0000000000000000
0000000000000000
0000000000000000
0011110000001000
0011110000010000
0011110000011000
0011110000100000
0100000110101000
0100100010100000
0101001010100000
0101101110100000
0110000100001000
0000000000000000
0110100010001100
0000000000000100
0111000010001100
0000000000000100
